list(m= 4.60000E+01, y=c( 0.00000E+00,  7.00000E+00,  1.00000E+00,  5.00000E+00,  1.00000E+00,  1.00000E+00,  5.00000E+00,  1.60000E+01,  0.00000E+00,  1.70000E+01,  4.00000E+00,  0.00000E+00,  0.00000E+00,  1.00000E+00,  1.00000E+00,  7.00000E+00,  1.00000E+00,  3.00000E+00,  0.00000E+00,  0.00000E+00,  8.00000E+00,  2.00000E+00,  1.30000E+01,  7.00000E+00,  0.00000E+00,  8.00000E+00,  0.00000E+00,  3.00000E+00,  2.00000E+00,  4.00000E+00,  1.00000E+00,  1.10000E+01,  0.00000E+00,  1.00000E+00,  2.00000E+00,  3.00000E+00,  3.00000E+00,  8.00000E+00,  6.00000E+00,  1.40000E+01,  3.00000E+00,  1.10000E+01,  6.00000E+00,  0.00000E+00,  1.00000E+00,  5.00000E+00), e=c( 1.12978E+00,  6.66701E+00,  6.50280E-01,  6.98886E+00,  9.55714E-01,  1.12321E+00,  5.90835E+00,  8.53903E+00,  6.01016E-01,  1.89205E+01,  2.27269E+00,  1.73736E+00,  2.01981E+00,  1.68810E+00,  1.74722E+00,  3.22184E+00,  1.83589E+00,  5.22194E+00,  9.78704E-01,  1.25458E+00,  6.40755E+00,  2.67666E+00,  1.65788E+01,  3.07733E+00,  1.08708E+00,  7.60630E+00,  1.01811E+00,  2.15775E+00,  2.84415E+00,  2.95582E+00,  9.85272E-01,  9.22872E+00,  3.80972E-01,  1.85560E+00,  1.57972E+00,  1.57972E+00,  2.64710E+00,  4.79171E+00,  4.14471E+00,  1.57085E+01,  7.65228E-01,  1.13208E+01,  6.25648E+00,  1.50090E+00,  2.08549E+00,  7.29758E+00))
